$ANSIBLE_VAULT;1.1;AES256
33666436653261636635326665653137323434363662333332363138663632333835623430303766
3562366132623632346630663137363761303962643436630a666634623838646162353033383631
66666365656231303936663039333531643635363536663431643862643262333263393561613230
3964626363363763390a343835303963653863316131373139666463366331623162363230636339
35393133353836636238366363653062373530356262386131616337646639393566376338373536
32646262633031333534626664376265343265613732663935313762383762633737323965303839
62663062646339373062383632353462626163386462326434326166323038383961373137343161
33306230613466623063313330303738376336356232323632313263336464616364633165386163
33626334333566346462343261343732636633343666303035306435666237333939616632396333
35376133383335316166663965383564363931663164386230396438623435303663613934343638
61373862353233333931393338353231613765663066313639376334393463353865643435373466
32306630613536636531376534653962626666353939396537373435613332343434613636313266
32383561373034643134383164373565316332393632353965353534623966343938363531643637
32366165343030643539373064613165376130613935373065313936366437626162313633653864
34393935353061306536393639663430383532393230313336646632653565393838353761653765
31386537343533313665653939303262323961313364663730363662346161643538363135623731
33363530373436316266383361336534613161646364333339383265353834356539666164616337
36366339363632613266383336643563323163333363313034373264313535336661303736326364
64663238633635306536613931633937356436303432656130373661333738313764373438313766
65383066363364313834633839393066623734346365373935616437343738333032356264633830
34316539636262376338363365373263643663666639373831653539633164306339353433633239
36633764663433626331386133653033643839363862613830636136336563313432306161663538
33333735336262313932366130636434343536356562363566306535383163623430343938656464
37623964363533353531656137393666383665383235646261616138306439613139396239616265
37316430303561333235356639313939393765633963356438343930643439323338303831303531
35633739613138396236396365363936346131353136343961643634396565666364313262306461
33396236613231383063636536303533643466396361356432366363636364386334663034336234
61343333663062336661663736616365656164373835373834356635316636373765303763623431
65653365363463626262386461633865343630613063643330333731653635323733393365633864
32623738353639323135326138646564346139626463356335653230333266306536316366386165
38653139656463336336613434633136393736383562643733386638396534653939396666656439
36633263663438373130303962633866663633333436363061346339333538323866396566663966
35316264376431303830613332313166353734616166383730653133663762343138326564333636
35323461643138313664383962393261313432613433336536373363653766306161316333353436
38643463616135623539373065353763636561323966626438663362663066646339366333653362
65333662616630373465396339333838663839653731383763396236666534313532303533393362
36636233316164303638303534306536623939613562626637633137393863623966646632636233
65656339313334633533396633366639643335396338396263653062623037366461633539333737
38643134323364356461396533343230313238623739383839346565373139343963353663313134
30303962313264376133663234613963316630613034366133663364353037356164363665376335
31323734313739316161626465343332643263623939643439393965303839336633623166616364
63386663636162336537636235323638636632363562633764653831303531636663613664346535
33616661656663383764393439383562383635636266386632363563626134316463393265653531
63336132323230336131383861386338313961303437323265343464663238393330633361646366
35383965363265303732643530653666373238643561666634613562316365386466343837386161
32383730626333623534303732353634323564313530656130326363396534303739626230363133
37616534393964393630656230653666656133316263336265343832333436626565643562363833
64383030373866333339646230643032323466356463653061633163386138386532646265663637
38346337383837653866313336623132343536343137653563353931306233383065653832656430
35656365646431313537393065386263613933393461326465316531373539393364316561336535
35336535313430626531323732326366633332356261643065376161326263333136316233376639
64376634643464373666626164333033333930663262616564383731333939303165376164633437
30663834613033353932643764653266363665316564306137316564316230643165303665313430
31346365393061336563393937343265383665633632353761643465616464316438613165386534
62366562376464313033373462306533356239663831316634626130323231396132646232323766
36336233663933653735643832356561396138363961336631653239306161623438613862353631
33653865323233316531313131343834363538343365656239366362303538313739356130363431
37623662643765396533646431643465653731626462363632346239633132616330393038353333
65336133616162623636663435663931363632306664323961643830373165366661383839623765
38373430646330643030343866323230343536366336333464626632386166663331343430633766
65383330383133363762643734636237333064613566326537663936383063646665326431383935
36353965356165663663666535306137316566303136616436303832306363633737386566343362
32323033326362316635363136393637373461343436643061626639333561666265363033363665
65353136336439333636376335343439313735613034316138336530303332363738653037376461
63663362386465666539613633393666656630393437653634653731353239373664623733396664
37343438316536333332373266386461353132303537356336623534326563623637666132643461
38303365363539303564636335346636386366383661663738376137386363373036346635306136
61356461343136366661343465656561393661336662386539313930326635323766323433313132
65373233353436373561306265343164356636333436353562373636313562316166373838313730
30366539643432613537383962396236656334656134396238616132303935343639626166393630
36633239636463663434313634373966363732333364386631356663396438346534336336313830
64373339336634336365636132666165613937366132626631353763393361326339373864323339
36616132366435333230363738613966363061656532353165373536343133613137636634666334
39623465316263373738303263363338663364613234656538393836333536623739363661323732
62353733346439323035343536646532633730626136343038313761343232363837663161383862
37366561633466356630373038636461373834383333386465303134383834663830313734616438
62326264653533363139633266383632656138613465336664613562363334396632663434626461
63636165323538363434623230333236353136643335643532313237383130376365376138343661
30643639643564643439306264623937393264386633656538383734643933373265363535396531
61333966643231336430626634353766313764633664326366303132373039303333343761346330
33666233623932353734346132626131636664656266383734613132373233666333643739646332
31366533333462393266666435333333393466386163373339643930373136636333653962323830
65363266666564666134356563353966323130306337396163353633653832326133613335623436
39343838396463666635363963393932373534663033356232383133353861386432316263656533
66373762653337373465316266393032333832656337313266616464623932323232316462373734
36343530386236396162333565643534376130626362393637363363653134653237653636363138
64336633346133313263363831396666633537393266333538373463316438633166636264353237
34623439313132396537346338616361346365326561366138396638663561333961326261373936
64383762646263346464386635313863636461636562303566353861616264303133613631663661
32663430346334633338383665336437666630396636313866623563653666306237653437306534
31383236383430323363383339623533623864393334336165396265646639306132366436356439
64313465393765343536646535626631643635323136646633303836313934303730653831666233
66633831316232643561623734383534616531393065393430626465323132666363353339666530
64643733653532633731363336656362643966383332653737383637623462666663623163303362
63663665393931326162356334386662366634336662336630303733666235306538396333366262
62663666626132306237343832343539393163666236373335646535343239333665343535313531
37393038333362326338383137383863646235616335363462353134343336356566396235333263
37306538303963646531636264396134663334313961383933343566336334666531386531353538
38396538646632343462303132306439363465393238386134313736336234613139396461613231
33303861356564656138353634646430383330323565346663333536346363626365373266323939
38333232316237323665313437383831323862383861613434353161373333656633663531383733
63663236393865616639386430333364343262646239363430383132363731356334323731616234
33326164306633306637363836393361326666613530633838666338383561376432343039373131
66613538313630646664666664356437636330383161306235643464333566343936626564623262
65623038653161636663623233656533303063313535383862363237386438613437316166373338
35363937353131633931346232303437396131633538393134633935333264623034333339306332
32643537633039373336346338353439303537646230306337303731306237373331643563336137
38623964613563376365373861646564353832383633393666633338386338653732313037626461
62373634386461376266303233666463386331343734653963346537643632313938343762643763
35323939653437313266656432623132313032646233663831666133653466396634363438343532
39613531636165653134646333346436666239636566326630343430646639376337393632653730
62313730343532363035626136343537633731343237313736313232343164383839326661666139
66666164643564633031656436616637303036346264306533666665613237373936363466306665
66306439376361383962643162633835346230666534643633313665333730386338333137613365
39343733646633663234336334633935643735633966663466653730323937373865373362303633
61356161303132613232366335386237653232376665376636343036326236663339323635366538
30633634326564393961363033613461343666383961643638313633663330663630306663356535
37363036323234343934656334653733646535383663363433346263353734343433653663313838
30626335616265303532366464646634326433393836656438366139343733303136653630306536
61373566326366383365613039353137363437316462393961633134643266663235633166333666
65646163623633353135363839383430663931623363656433373439353838643335646636363265
38353237346632313262656235623563653532333435623232353330323339366266653233366135
62643763626130376337373435616364653262643665383664653433616430353563373466366134
65373339306564643965313632313162353531373266336566653734656430666534323966386235
62396537656339656465666531613966346364393766313032386162363433386366353232393737
39656336393430623538373165613363323033303637323062393165616537353464643864636464
61396466636162636533613738613636353133643836333736316336613133356263353634333065
63383931356664333664356463306437643833306136306461623232343137666664333364326462
38633038636632303262613061393232383838353465633037323364653965623832346362666436
61626333333735343234313430393665383935383634626563613835643765366361363466633161
63313965386138383138393536633864386239383565653362623139356465326261613939343363
65643835326631353331373734656162303634626336633436323162336263333262643664666236
65656261666162646430393437663135353331343264366561353163366366613330326637326539
63383465626336336163373732626637623433383130666437366661373837663966373630383163
646661363865653239303866643061623663
