$ANSIBLE_VAULT;1.1;AES256
37643439353531353165326536616433353431323539613133613434356337323636323730633365
3834666231376535353731336338626365643239373665340a633364303064353438323535383538
63343663366235346264343662323634653037333732323664353463343464616337396664633930
3930323338313935350a333162643238396131656230663337663033336530316664363137383737
62623863316165646433396362326637383663386535313566653432633633393038376431613231
36663337393033656262616664346230316432636531633865666665626663343231663865386139
63646439323437373665346530643039643239303964626361616362353865636333303434643962
62393830376635303462643266623062623030373330306631366331626566616465393534626130
63633531373433656333623333336561313437393239363334336633383861323030616164663830
30373432633330383536643738656332336239333863363933383634383730343932626133643562
33623162316566663864623737656135366535393339353534323332623966623534653532346131
30396336656563313066343363656465313938633133613934333664656435343939633663363837
66323636396536323361373261303837633333666638336430313961396561336361303139663337
39343137383335376365373836623861626638663564353362343063646339343964623434356332
61633938353836383766636539643137346364306431643236353730393239393165353435616464
65303138316330393562333535343838326339623866393764373337643862623762656333656164
30393437623834666330393339643961386262353164393038613739393837356632373536373661
31303061393134346539383738666265656431613765663435653663343332306265363433383736
65346164383537396139663731386561633762643066393430313563356338623036313834316563
35333065666134613730663664666335393734343162616539356130666165306335623463616539
35353238333263663733383531343533636162303738656132373930376663666463636638356265
63386366316361613233386663393236663438363864313065396332313231623039336231346161
37373663623730353833366634383739316134373133366561333335616138656561636431396464
36363736363637313734373336333264663739626466313737646265383239663863366339666537
61626165383134313534636462383035366530663464376137623136336532336663363164306335
65636239366432333534633431363531643236363433323732656331326630613639623162383961
30666463633130366235663536633237316638303439373133643030343835396431643138386566
65633636353039306330666630313032663663333266356366333264623733333365633966343431
35336135653132306334383536653437663762626130333038346238333133363634376362313064
63353864326138626135643762616363386638356536666562646365663739306531653765613331
64613065626530633536366265306363313162653738303432396362316234313732646130623565
37343733383966363364643063636166393238393732306563323739356534363735313464616466
38633866353334303632363730366366616639386434323365363437653762616366633137306533
62333164656634363635653065636437616435323264363664383431313962616438376337616264
34613838393734613236336464653037663734343730373562363765363433653436343231316334
31653130396430383634623032303166623561326335633835633361303461666663303663363561
35653136623764303664376338643830663339633464363933663338353033323138363339326438
35663233373531613663356532333537373765303131663637323561623936373031366131663637
38636637373333616430653465353361373239396561376533653863363231636235623839366639
63383463623335623564303366393233393931353865343464326264396138646530323834386231
36376536633835623062343236343736386635646435656437383330336365376636626563373737
65363133366261353865303961383033633262333465313032643236626361393635613863326436
32373637373165636530363066343461316366343863666662346630383033616666336532343566
39633533363131643636666230366432613539666238643536626330663663653462306265616462
36663461346230656462643833393638656336633530383933396330366631333166343736386332
30636338653263623437626532306635373433326138306234623663386135666135346139636332
38326634326566386232663838656330636137353832656532633635633933643362363563333931
36383162303937643936656631663463316461623262393933633235313834316232343338393138
61643134383066343838353362346230643739353830386231613531373563313861363966653334
30373338353039396638396361383466623735663933326330383639363632303862656634663163
65616132636431396332613062333732303362383438623332633131633734643036363433376237
37326132623335643161363362646632613866643536393231626161366139656462343466346336
61356562333264346538386538396363363634616561623863623930393764386131373032396439
39656437366166336430306465303131343635613838373636336234643236396461303132663262
34306534663362303236646662646332343933666531336363313934653562383839626235623761
31306465633639303165633234333563636237613539643135636437353766623935356532333066
38336339383335303032663430333263623861646439356265636362363134646266353365323238
62656461353961373934663635326338636333623037353662656130653635316538633433373730
39393530626636613764386131363939633739363562636563633936613463386537353733323338
36646262336132343231386639336130633739313261316633613936663737363731383064653831
35623939616565393663653933386665386563393738653638663561373531333432656662313464
32386436343335376131663861613365343432323532616138616134643634343638626662346564
30343432383538626434613462666138383232393265373930633466613533663937306635393731
66646336313831646436656232623831613737373264373932663761626366353863663361373562
63663566303131393665663235336439663535623930633335323766336365353462373866363465
63323532316261666536353436383662373435643133353339303462393865613534373663326663
34366635363463353737373634386161326536663830323361333765303538623366373933386565
33633531346332343633366363376530363730663162356666623633316136333739353566333063
36666631643462306330396533346663356461663736653436333237633736383031623634653964
36646163326338363963336266393830633233363137633863666263623537306130366134336430
36386335346235663639663166656436303437306361386631343737616130303364633733363564
36353732306136343130646134343038663664383239383639376361613137316531313236386237
34336439646632353639636134396436393236393663303361393131666234623735393637353462
39633735356136646536386133666631663030313635613163613832656336653637306333626239
31353565393663323430376534343266346533346337356134636537336266653761653237623435
35656437346635373463653336613535343431613131396165646339613165613236306438623835
35653730613933616436316434383132653537303036313166303432333632383962626364363064
32636538653237356333383732363164393630306335393831336137383738336338363239316233
34663762363236393833633466393630633935666234666433316166323964633636653836653737
65313939616263313432633637353035356466353638636463326562313330376539383132363461
30313762343562336465356339366633323566633931326662643233386364336231366162373561
32336636306563313330613864396336356365666530326266336134623434366666323431316130
32336166303735313638663536316235656563393566623038323963626561656266613133313939
65656237326531313230333162373638626535386337356162303664393335353966363631623632
34623835343838303763623165653138373337656431623636643134313963653666333163313336
32313339303535663033376663326239376637353339316438613938326139353737393332376333
34306664636638373333616534386162313937373233626439313663643131383565306633633063
30656561376636343030336564383330313564346662636164356261653439303035323466343662
33306665643062306164383830373061643730653966343562393864346238363463313765356564
64326439663732633265393038346630616336636236376232303736666634393964663266363264
31373237396163333839313837376138333263656663383861656166396564653166353463343663
66383864303537653163396236353038326439363937386132313130656137616465313262343038
36386665363931663631366663633266373038303536383638313231373032646263323938666532
31613339633965356335643264646266653061336565336166383361373932316432353634383634
30623835323665393435653934346430643537613439356333636264353465323461363465663632
36633639373566323130663366396438616634313262373439373565613637376263323863303830
39656166383932353935323065656137356464363439663865343632393166386361323366306263
32663761353135346366396235643965616365663163636261303163353339313464343761393639
61323634316630343937316464366264613638356164303731653763336337633433663263353264
32653165333939306264383563633465623164373037353637656166663863313136653163313163
32643837346530613566346563336666613036333664366461353162363732356132643133653030
61386230643536643235666534663834323163613963363564643936666163303765316561393464
35666338323932633961316432323536653364616463386334623031633736623265613232666561
39323130633437373561383337333766616233303536323232323862383362343030343766303132
61366330366566613631326337383837366138353434383266363730393266656631393837613637
61373031666466383764616165616438323638643938343732326163313562333033346561613065
32633432393762373961316335646433396266336431353466613436333162333866383431306461
63383635383434623661653265356632346663393439646263313836663435333066363436306563
63313235656532303639633230643762353339366534633935613162303963393462663661396434
32616532303438396335653261616132316561376166363431346338396435613638316261386265
33313763616564316362363437626334613764386435363335376265653133373831316335363766
33626165373330336233303465386130336434633061363934333135633262366331663732626132
61346631383236643362396161323938616561353261326338636237303863373736376536633061
36393931313637343336623638366133343565353962643839393865313364663966363166376338
37346266313330653331633234633939323532646539383939643531333734643739346562623965
32323031333835633765623239346234373863623033663530616661323936666335356330393930
33383836306136343665393036396238316465363232343865636532613466373134636234343434
37626634323239336263663036343133353166356562656630663234623633653061626139383762
32396139653666346462333831343835353465383534633732643336613035623666363033313536
61653335373636653631613137353637663233653535656238623337303833633637663166376336
31333766306164303038623239303335383837663565356135653263636336613261346363373166
66666263343063373666626430313466663663386261613866323665373666343664306235363962
30663036333234376161633731313334633166396138336237653339643064326433393235616662
62633763363130323261613435316430303339663461666639373761663732313633333038366234
66323739663164306566306137656362396536323738353734353938336466633830666339663337
32613734376638653563383533353764623036343561616437313061303462613933633034376366
39623466386231623565393066323761333161613237373065643437613163333661643165643364
30643237663663363762346466393539646335333331336231623165393234656165623534353835
33333131373962663131663234626662613438356364653333663134343437383139353163303439
64373434626162376639376561633837656530383233633564633631346261356133616465643537
36326462373430303036383830633839303365303461663134313838326562623236323337663533
34326162316364353237316564653165333262303664353066393763643235393237326461613637
39313061353433366536653763653135353433353361653466313666393835633266623637636561
62656238363130373532373866316131633632356532396438616465646437656636356633346635
65626364346434653561626163343762326238636439643637343761363530343833666139633161
35326636646365333235356661663037313865353761613466313435333034373335353737333533
35316531333634383836323862333361666537313233306663323964363231613637356138323230
62353735336262643734633232316532366161393032326430646130646239633561633465393537
38383339326233393362646332653130373637653937303438346339316431643438636532613665
35643361373431633039656436373333616665326233363736373263353439306264383533393032
63376665613434616232646564383931313064323861323733306339376632313561343039333965
30623736653961356430356339323934303839616231343530373431653530363639313531653930
33643432636236633038373036313361656461353536306236653935643037383664303036333261
62613132643234353337386439646138366165653339393166353939376166646436323237376634
63373639303630353536613939653963333332373235613432393064313138343866316162613037
36393962343434363232393934313163303135373435326231363562663538656138393630346339
34396631303031373631643461333339356236323939656134386234636631373865653934303735
65323031376232363134333261323536363331346633633766363331316635663131646435633765
39333562623963396466656531623666313566633739663564666161396462616431656133336466
66613963306432343936386138333233343831316666663735356362383037396264313537353739
37316538343630653534363163653133623963306432363430356463353631633230616130646464
33646435633337336163646130356533633766666366383962303966353634623439653764646533
39343633343530616331353832373637343831313839616335323063373162623962383033366561
61383537356134643638626336366164383231613230633762336235643935353463653563313662
33353266346539303132626237653462643564313164633863616161356164653034613438623035
61653132313630636232356465623236646132353838653133353636396266353139616639343831
35636133383431306666363566623264646437303734356637303634333231353837346364393766
62376532653963353566393764353934383863343734656334653339646661653561376630316364
31373535653262326462666563366238346266373564353765623434613836646266343236343437
34383539346234393136616530393532613863656231623333313839326636333239373165663533
65393135643330393737343834366162633139326466343563366264666361323264343262623737
62663832656439616561313135323132636563306663663035336331313338303435353064613365
35313833376232353664333031323934626564383433333466313039366133316339306462386461
33303562376539323266353338343633333666383531316332343730393663363739303562306665
36613338393030386161393564363530373966653332366531306166643337356237363838633966
39613266633962313738356633396562373966663865363964343837313736356562313866663233
35303934393735303864626132343061363662326630336262656339353739613235396261393863
30626464333463653062323038656637626464663564323634616530613062326566643836316139
39393734363635343537373433666662333462333863316231323932306632323665323239346231
35343537383435346461363061616530303131633761396564643863653931386431323331616236
33306264326334643031343931653766306130643334623466343961303537346538353765353065
30326438633564623136643630303939613137643962313863363832316361616235386134656464
63643737616663323361656436356465316534386365616361353139663537303531
