$ANSIBLE_VAULT;1.1;AES256
61373230396539336165323331663830376233333032663230646536316137373364653439323335
6536646261643632626132326332343835343239656533320a306164656661346634653661306138
39393937393039366537393836623262353462663734656466666263616163653332623130356465
6563363933386536320a616463633165333339323938346263386636303662323433616439386337
39326366653363356334366361613366336335663838613864643863643035653239653738626532
61306136353239353236396538626139393538646232626238613037336138663133383232353936
30333630626265303464376634353263343764653765333962353232303439663964393936643730
39626634396131353335363333633265353135653562373031613235656564643766393335643336
33323966666631306464316266393035343537623739626131353662323564316665333161663939
65303636313934353432343265663139653661356339383037363164613438383535653762366438
32383430656332643766373636666638663962623334363365363233373330663265313564386531
61666332663663313465346566343133343162343935356532626638373264363564376634313139
36656262343065356464663265373331396332386163653535633164343861306530343663653066
36376564366562373361336161306436616266623630353739653863303638366163613835633563
33393464353662656634386665373934383734336464343831303466646638633935316132643637
63303463313961663331613338323237663633353933323338613066633565396135633938633031
32333538643264666264366437333339356238386264356430666430333138383934346538366538
62386264323135646439356138393730643464363265636466386633643935626665613533393264
38656536326435363066663339613138303837666237646134393639323466333935646636626333
62653162313632373363343132376133613935653164383564343731303565316661646161383664
63386439393830383838656631376263616532623263633433386165376663636462363631393161
62356364646636313332396235313938316665346362393663373666356464313335393835613839
37373161376139646135363231626639633130613066653265613437633263613065386335326430
36386439623634316230646161323932373934313335643361356263643937373635366431613765
30323665656265613164303135663136636437633039333461626433383535663135343536313962
63333139633261313364326534323565653132323136653063353663653334396335646664303036
64376533653061373037653365306139353164366638356236653662663534313536366564653831
30343830653662613030383937363631376666616633343530313038626538316434383536613937
62636531643030343532663037396661623130636366363639626134653635303361313933396630
31636362393732386638393361643364363762383163643936306661316130386436313539323462
39623435653063323163316533623637613838393261646665323638356566653565383339666539
34383539306364653734366131623465636462313164333630343835373261313631356433353265
35666633636163666461653136393962663630623839393665653566646435326166666238326335
37306537313366636631626438346134643462313366656566616361346664323838383133353530
63666565643662323831333765616338343365383763323336643837613465633462613231623061
31356232306435656264343864313165336234386366323762346663336530333830646361323230
32393433663331343339353461613235616136373462356131323036663566663537376461656535
31366263633635386535653636636362643663616562323939333731666437393966356234396632
35313332376632633264326539336562306337636436636461353830393464363164366432333730
34386566623235613630306232616632356435626664393430363530646235376562343237353764
34393862333837653961666366633937396533346430313536343138353665656338313532346361
35623638633862396331303933363938373733653934646430613838303061316661396630383432
32323934386334616634343037636337623565323566323533393738366134366530383263656130
34323938383034666464313239376662663463383830646266356138663439393735663631363962
35346663396131383835323838316432633737666665393861316237306431303266643231643435
31376339613563353632616666653236623665616534396161336437613761656564643738343231
32613131663638613361363738383566393661373233643439393533363231366265356363366335
35633135363966376639663563333032626462386132366430316436353235386163333130303434
61623037303732363939386365363764333636393161613439623430343362616230383639656231
66363437366535623563613631353031346130616636636665303133333538383339306536376633
64626364666632386264396261666233313739376265616663626235313561393430303662393635
37633836396461616633323837366339386161613361316430306461343766653864626535643733
35346536663236346435376534303436306634623665373238376463316531616633303338663438
38376161313062353962646237613265386364353765663866363334643266613832383839336465
30623963383135626637343161643837363364393033656636656165333636633163356562306364
31666530613063653435663437373634376531343334373665626330346136393136393934613563
37653963393033336665306132653231633061636464326434396331373236346139653364323732
63336334643437306262393962656662636138626339613835356362333631343030306339316439
30636565653561333730376533323037313333613164653239306432633861613238363332363063
33646131333930613935353830303838633765316333616261316636653430306364633337616538
36613132346634396239363339373063336634663264316666613538356135323763386236333931
61653037303165346533363937643536663234333066366338396662303164303961663531643732
38626232336632316162613338373035643332633666376532393935396531653566326562313439
63656661653265663031646238343733613364306634373665663963316264316632343132336638
38666432333439393365313765316132623130656262363362663662396332623336636332383635
66636465333162653737643633303732626639396166653434356563663837663635313930633666
66373061643934373534323163363162373265356632633038393861346132323764336164313534
34666131333661343662303431326133303130383334303266376630666639336166643866336335
34373661393730323634316633663462646134373032633838373437646433373561623932623931
61653133396433303962613035643665643835396439393034393138626162363232653061336661
38366239333135313436323831393634646436383934316561353532363938336636376334393431
30363861306362326535373063626433333939386633393036633132333933623838323139623166
38393664613434373937363838613339353037356530383364666233666334376635626433633463
36353938376664613139326434626339373364393839306266393935313036373861383430663735
34643234616630323063353361636464633363356136323661363333616131353331303630363537
32636337326661636136363636653262356430366431646461363137373439336266383031333264
62323332386562376636383235646531393831336162393633666562343434386465303766396336
66313238376437636633616665613338643165326162633936353765613036323234633766393131
32353061343365366134623066646639373535343339626263323239656333343662636439316632
37303336636263316233626438383536356261373863366333326465306363336263333432363662
34643734336363623532303666663263626362613863613562323432316462653733633834336463
33346630326163333035323633623361613134313031313236303866633034643964396339616231
64633332653562333161313464346661326630343030653136313265383365396335626465663633
39323361643037306239626335633763386263343332323964356631393835633432303666303037
39346139663233646135303031316133373732663730376166373137346439616535663539653164
63373561633632353938356165363738623066373238653030623333666663653639616234303138
62363865323030653734336661336463633163663332366636376162633139356361366666356665
34646264356236373861353838386462653262306161353035373963633535366632663031323561
35353731653662336231373264636233393438343062316231396637616234393063333066633232
65633166356234346564663239316332343962643661666231336335623631313235303837303162
37313137316561653733343461333264346665383937343438333036303033653161613236356339
39613833396436636161333763356239666338356130376661356632613863313633613861663334
64353930653266326232633632663532333066646431633539336138383761373063383061306466
36373966653065316130376262623139646666616564323039663564336434666665323561383963
30363534376430366235383665313239376330636466386265303866323363316236666137306632
35373833656564303330386664663937303836386231326364353164373064316366383432626137
30653035616366356138636135323266326437373433356162343765346632623136646366616464
30306233646263343462623736373532636138383538646130363038646139666261656136343036
30383536653731633566386137363461356332366466663135383733383136353236316333383737
34393230663637383134386563396337633461616664363462373235626138633566303235623433
63653733663937356162663937356232303264313064656630376461393230613830313066633065
33316334343035633165653737613430633239356332363033613964393639393462343636363337
39323036393339623961656434653065353934633965313064323436376231643938353239616462
36346663636633346533646238396132626335396237316337376135363834353738353135663263
62333165626639633434613062313637653965623935646265613836333864666164356164353266
65306333373037653232613536363162613434363130346466363861643237333639316265393763
37376337313633363561653737323565356239643664336331626461633933306338396434353733
66653766373031363263326666393135653431653762303666613836626262386530656238643435
32363461656438643237646635643261303035353365353638333865636439316637653135396366
37393364666166626265633337333936353738313264346265633237663436316362363338373733
65376563366231323232393066636637663930666130623131323435366533396130303934333165
36343235393639613931643634333032353761666361633435626232666363616635393730333733
62366463383836303539346436613736393262333761363636386234323861646135613264356364
33663463663436323330356235626461373730653334383338353662306230653133643832333361
66336237313639616630653966306638323162393533346165343265333766666633343739356366
33343362333036353162613337376333353635343336376533393239393661346134323733303761
61366662666363363864313930323033313031333866326336393239653662616361336434633230
36373632303839313266356366303962313365343566386237313664356636623936666433366531
37366530353264316233366337373130666363616634373631633361623139623332393634313336
34626336373836613333363763643363393066333362613231656630366465666330326137356633
36373964663066363533306231333331653831396531323631623237666564376665376237663131
39663638366139623364636335343934386334366564373335333737316436663263653466646134
34366638303631646337313438356431666634653839333239343733386234646433373936396661
66336263333033346166616337653530333065376232303033666332353862336263303063343333
61353437363961613437623638306661616262653764363838336238313030356335613938653330
64666662663131393431346131656265306637613838616234336264646439323063616364323336
65316464323066363931633735363162383739633139613636373336346363306334656239613337
30303736333235613733643338373939376238633830633835656363376532616635643861383662
62653538326632396338393730323961396632393066303932633665613734666162643636363062
37343337333231313939616162343132306333303663393461613937306261653363646634633265
32623565386137656361386432623539653431386431636430306239303938316465643933343165
62363964623834316537373130313636316536626237613536346566666135313561333965313939
62333235666631383561626139623338666266646566396534623138613263313130613032303862
33356630306539353163643864633038363961393364353362306330643639373831323939663062
38613632613162613261313736653466366237393237353732613334356634633535343633663862
30383263653565383062646166313466616333323933366466623366333237326161633338643362
37336134376265303664333139323636333238326338626636346262373331393865303261613466
36386137383235363931663639326565313133633539366434323130383931616331303538373765
31316362663562386334353536656430633862386135653636613133313963343863393466376165
31336237306562373363626266636133386235356330663231663730316635333137646334613664
63323436656235313137373935353336623836393437386334393839373533333130363463356632
33343638343734383362343837383331636566316263363730373263353130653866313765313364
66346638653661396334623237343333323535366139626234353533396530626535666434316533
63363837363635323738303834326330396161386535613061666434343734666630656664636364
36363731666330653930313361653637326562376335313662363864643763663766633961343638
37346362663937336435386533373831643834653761306164643138393036626665613832336665
61313439633465383037613866313431326263626137376237376265636262343939366538623839
35653863303066353962343764303437336630336234336264396536643234306530643037353732
34303463386661353966303034346563613564623332633338373833396534626232316265663363
38643936343037666361663337343436666135656439633832313236326334366137663765613261
36653430623066323235666437643733346133386462616534386232346465336239613033393531
66643761303062323062616563363065613362333835356639333962376633616132393334633562
63643239393663373830333861343461326638383162616661653362383732393062616638663265
31626630313034666565373138393763313332633031663535366534313836336362366461303661
34656164336134636435396466326538636434316430636662656438613962386132336634333031
31396239383738313037616561636564333435393734663431356663653131623766343064646431
62313466333539343933393064336261353337396436303563643235656531623931653431303566
61613063366336343765393230326166653539613235336234643832636131366266333036303139
66646561386530323634333132313661356634626537306464336666313532326261613063323463
65323834346531633065366631656535633433613332366330636365333832393464366566646236
36633638363565396332363831613635356334623135336338386534393537363338313138613236
32333161656536633762376530353238633834653833383965313634306430366464656362653034
34363965353930613136393964383064613362643433643165396338613363646234326237323130
63383261306466356531623962303636316139653432646461366364386165326366336237323834
64386566343432343031656332323933643963656461616133356262623136316135663563323433
35623933613639303066316135396531303862623433393139633435303439623566653037376334
37343166373661613139393538663238396330376562643834653766303765363862393262373739
30616365346330333333613863366364613535323234363230636236653038396334353131323731
66306438363439386361323364653130356562663962623330353661626262663034373235303733
34343830353632363163353937386138306236613962663039626239363261636463303664393535
35326564656136363530623065653537363733656239376165313936366466646539393633623634
39353236326462346661626666633633356264363338623437366661633731343433613366366533
64633035653966396166663837626263356263616165633465623663633839393830
