$ANSIBLE_VAULT;1.1;AES256
38306230623865353332376633396162646432393131336436356566616337363261363332383635
3636623766373331363066666566636333333462353764390a336235643732613261666332323036
34313963373965643861663134356139393666393063666434303839656133663966343735373833
3963366662633236620a373739393263343666623266366161393331616239613239656164343732
32653333636561396136643233303763643563646233643965383838343238636533303962396437
65656632313262343031666238636135303237393464663436636336623638323831366163663161
39626136363366323035386364313230626431346431353434366339336261316335636630616233
65346463303035366535633934306261613162393062666563616636323739316637366335383662
32346636653562303736313737303633383931303634336336353739633530613764363865313037
64613937623266646261636266353632393934363065373566316135626435366236643363346134
61663233343561306533646363323863633164366530633261313333313835373033346439333662
64353935323464623733363135653837393063353730663735336465663463636539613330633730
32663538316362623931376436363566393464363761643432633961633234353836616462343736
31376338656430646463643338653532356662393661663463303831666462366365346663366130
33663739326666313637373063653335336530343235383239373232626234393837626339343736
65316462323833323632393464393166346462353261333036393037356137646436383465326161
66383431636538666333323732386433646631356330633738393330383533333937616430363863
61313137343634313836343466613833343733336361393637313839343336316638396238373433
30616632343733643662323663373662626533626636343465356138343961313537646635636166
64393762623132313933613538343734343062343961316130333234313563303765666535646532
63663763616533346164393364323333376133323132306538306565326534373338343466633937
30393932613432396630306664393039626431393364616339613635643432663235313932383134
30613836316339633830653336336665646331306335646461666661636231383436613035313638
37383830383362663532623533613730646238386162623332326465393134666530353930383836
66366633323264643366343862366463663761366635663139626334336265353161303264656334
36356432616666393064663663373561636438646564633965306335363738343766353630653764
30633638343762306333646339306235626535303161306265613232323963313836356230353531
66303137323038656639303138383437623830643966663039636137643537306238393031353033
37663731636639326436383733626639303965646530376135393665353433663766383630333334
33643334316534633231653739376130616631333165333039343537633032306535306330663238
31613162663539616237373362373533343637303564623534383035313638616462663836303136
61336262303265393432643537636635633835363939663962633339333439613739643638383830
63326364363164626161313863396139386534643861376134613161316364353430313031333561
32353666336633313035343939326263643639393136356334303833333238313139633039333131
61633231313236376533613932616231303733303161313564313734346539353135393262636661
62653866323930643762323166393336316136383630303934353964653062356262303937393365
37363631636261343637356166343131636261373531393266386633373734333861353333623965
32333761303766393531366231653162633735633366656134646463663762386535376238633466
30333964653631373665303033303039396463386663323765343537623538316365623830376339
38613062313437313663653964643834626131623236373936383237333566336532333430313136
65663463613166626564353738653633323835323532336634313965393066376361303431303331
37373532316138363966636335623735383639626437373932633862303964376236393233613164
33643462623532353464363461613234653233613166366230626161323066306664373765316432
34396164323861386265623736353330383938643331333866306237346538376565633061363730
30383731623962653630363137613065663064623632633664636132643464316236613338343738
65313237623563633465386236306661643131636435373362313732636430343630633535623238
33376134363131326631346434376339393237323766343139333165356665663232663532373763
63666230383237613832393066633536373463633238636634666430633766313564333735333838
61323634336433613438323434326339636232363562343961313263303535363762346165313730
32303466326635633732656462663138613065356532353130666230323066643731663731363761
63323166366266313763643966643964393733326438386334656638643137316634336465663365
65373839323531353236386665373433666537643035316330323061633632633633633430386331
36316561663732613036353131373333633137356339376663613936393565623530623436633564
30313665333239353337383836326563633734363062313461313936646563656261303763366464
61393265613430363432653631613930646638343233313366306464333333303038346361383262
31383930623632373964313365373738326562636365646461623864313830336638353830373534
62626335316261303236303964366466343763363136383339653239316665656232373061363838
36636536633534393239353430653562376165663666626462653038626636636435336436636334
34323562343034333634633630343037636635373861643064653263393235623031383663313461
66356334663935373534633062353761343737383265393835656633373461386563646437343663
65626365323438623762346639393934633964613039373436616262373939356535343966633434
61316136306431346465633230323263633364643337373238383963353763313930663730613163
65663861616134363063616362623164626436376665333935336365353634333566323738393464
63363839623038616238643864363136326438336639653363613266323739326665343035373066
65626364316138356662353661326465343339393632626533306432613037616661366163663161
32393464613137626466613338366432353963366634306564623138303465303538626435633237
39656162663663653461663565313334643735306364336331333830643666623433633732313262
64343737613465663562643861376233613430313634616462643235323833313665326435386231
33346531313363386135633765663936363331663732663430383065376336313732383336376338
35306461623338616166313365663438373563306435323766383435613331666330376239303562
62333263366436326338623032366330376135653364356631643932336161643933303862663130
66353535353531323832623166643764303266383133636661393638623035363735653930356438
62653362316535613466343737343438636265653965316138326462373436383963653664386233
66656436363237623130613830643566386363636461636463313339386130313461323666653830
35633830623637626635646135303265623032313536346565386263323162306437633934626630
33373761353463343163326562336661383436373333323630633534633362343934336264393834
65333064636138303264646439323632333764663066323836646135336235313633396531663831
34646464336438636633373163363433363131333033393365386663356639356136303235353163
62303631623561396233343162616335303861633134643632323162333033373537343336336536
63653135313461316134393261613866306237363262366334663935386139666531306664666431
35643630306661666464343661376265373265393933353638313736396434303039346562333137
30653365383361326530323566613464363737393737383639663833663731653039333064356338
34623732616464363864653363343039326237313062373965626631633830383035626639303934
38646532303930383336343836653534623631316562306633333864623862653465353166336334
63313035306437663639396634393135663138336130326163613537353161636631366135373064
34363838633162656630366336663262393734653335323137633539383235323930386535623139
31303537303339363231353635663030326138626531383530326530346130316234346534623539
31373131613664333031376530313735346235616666316662303661326565343462323735656562
38326638616566653336356639326530646137303363363961306264383936373262353735393938
34616439346561373961666665656630353666613732346464396665623239333730396665393932
37633737363932633032663963333337613935626635653862376664643939346563373261653733
33303565666464323432396531643631633732323964396364396435336331323331323837626439
37303536666631663039613435373932663633333263303735366335643730363432333735626335
30393635333364333330326435376463383566366263316436616439636136303864613365633938
66366432343934613161303461303833323833313837633930333231353332663566643361313134
34663630663966643763363838323839386534306366613430373733393766633765626238646538
64633165333662376265303065333534626138306163383830333038316638656532363038663731
64646430393666306465303030353431396663613633313436343532316336303934333863663365
62613835303930376438616431656332313938356132616464623765666632313661356261353863
65373631643633633264363731343437306537366464313562623736386465353738363831633865
33666233613338313039643766333461383164353364626161613566306363363438363262313233
36333966343664316563373965393430613337353662373163353562616331343463666431633036
35653965383538653031616133383863353030356163633935643434336265376231366131626665
32376465313533333530303565313035623336613462303161623633353366626435336465653465
37353639636263373838653437376137396532303335613236373732636630306130333961353634
65666639623339656264653534363265616232376466626537323265666135326436643461633936
35376464303365333262396661346165636239323338326264643131386633616537623665306538
34633635626365366133613735343466653733353437653566643836353966366463326361333636
33643635346665333839323138306433646130353034616636353936393836363862333836643262
34343666356266643137396162643131646336373565326131623962653837376162666335653362
66656333343735376637336665336132323739373536653939623030376639653839613339316131
63633039613132353139393665346461633465663166633663326139313165323164376434393161
61396532613866343166396462616530663332303836656563656137366536396337636564326334
61613432363038313663366531666634386562633937656362393731353263393331386234303162
38663230356362363938343536643161346166373766373334616336346631653636393234623034
64343331366235613834306362636365623639336332633462633738623466626138363737643537
30663961383664613066616135383533386334343032306535646261343765653564343061666361
65353965366337626532653437653236366662646433366665633565383062353736383139643231
38333538303864346161313866313664323936356231633939643330316532616663633431626238
63303735373335626563646433396139333037626138363937316364313736323565633536663831
30376364663464356236643930643231383763353163323930653066393930643233313835373764
64373363303439303834383639613239353433383866386161356532306664313536316565326535
65343436646232646465383664373263623337656365663932383330653130653232363933386266
30636336396137666563373930613139323362396361333961366165356537343066623765633838
35303164636162626430386531333361383861376564346236346234336361306638393436633434
64373361373833396433336466653437353636346331623939323335656237303234636165303165
65383137343230306237336564326365353965393831373432633661666638633233623765646161
66616136613230376562666365613364643531663935383931313331306330316430633033626638
32396534393834663132316333353739353461646236353531656633373732313137656230303738
64623836396566626330653839363165656539626230613262323738393866303666366431333630
63636435653637396363303966336564643438656634333232663764343335656461623161366465
35376565666639313238663035316133366237396564333064653137343334663433646365666537
64326236636538643835613363666261643366356538306562326131656435353331326533636163
62353031353465343161393461646433323063383162313338343462376435323664323666386464
64653733363862646564643563653064303936623536396136376636323862316663393861643762
61333762643264623030313963666163383463303037656331373066643261643061386131303261
33663264326435366137393132613435653539663062653761376631366665636233353464663335
66613733323735316539366262343765396231333561373763643137316139626433613261623332
64393763306534363439613863623433623338636435383963343538336262383262343933306339
38643833626565613533343837653861356163653739313431616336333132373037346433313161
32363332366665383435356531363630643262616465643731336461353534663364393363366131
61613332343563323039613536326433313963636362633564636236363964346464306363313263
39396661363462366535663066333862346230373939633465396330656436366564626631333633
31643261656134336662333532303235353135343766656332363132353235323038373330616166
63353364656232313263616361663838336464313532616333346230306635313230666332653438
38643136323431343430336266383935396635373638393362303962313338633433386461373636
65643733653362313365313935663962336234356531323634353037346665303237336331616464
38343432336533366666646465393761623033616562613333323730363765353239326234653031
32376238616635393837613531623232343832336462613765663161613265373837323038323065
63333863613066633632666534353131303330373864373733643562303139356366353633636436
34636331653431663137303439666661326566383862393766343431393330623734353631656332
30623666326461623638316336643133316361336431323266336361383532373930396139656531
36653937396435613363313963643034353239616137616365623135333734356337616464666532
32396436626265366638636538343137613866353639623731643766656261373233373732343133
36316234666132366430616233303665323364396636666539643433333763303735366362613266
62643031366436323865623938636433353962613561353237616137316438393131326233633631
62376237613938623662643632396438393463393831346566393464353431653461323266363037
65623262303937623532306139303164323964383364376364363738626466356439323231393034
30383637656435643236373634656262363665343439363239326638623335633330626133636436
63616139636534343461663537396466333834306639646665393230363164656530396433623638
30343136313139323262306564313536666663633464613966373733316265323932393064313665
62313936376366663032623062653836306632363862336531333032396337383334616331636136
33393466303263346162333237363663383861626364346132336232363635623835383633386166
61386438313465323461653866393130353838323639626231383034613033383462313065373737
62363364393666623164343439323562343438393336663937323439393062343435353732313030
64383438313362633234326361643865636538663130373730383337656163633966303564313735
65633532383732356431613232396664346331626231343632653538303836353336303432626439
36636433383466353466386130663334613637393963363830313235363064333139373362373763
34656434616464383831646662626462663564623737373738643166333537323065646636393666
31623661396235623462323462326436356630393239323461373831346161303266366335313630
64616634373234316466383365383037333733376431633765656639333766373237643939313835
31323762646462356137313637363365323435363939323861663536633635353935353439653263
66346639633734643263646566626264373465633361306238663139333165333062
